1 2 13.00
1 3 6.00
1 4 10.00
3 8 11.00
8 4 9.50
8 11 8.30
8 10 4.00
5 6 4.50
4 6 11.00
6 7 3.40
7 9 5.00
7 10 9.00
10 12 9.50
10 13 12.00
12 13 7.00
12 25 11.00
13 14 9.80
14 15 18.00
14 19 9.50
19 27 7.00
27 26 6.20
26 27 8.00
25 24 4.00
24 23 9.00
23 22 1.50
18 21 6.00
21 17 6.00
21 20 4.00
17 20 5.00
28 32 7.00
32 33 3.20
33 34 4.00
28 29 6.70
34 29 3.00
28 34 6.00
34 35 7.00
30 35 1.80
30 31 4.60
31 37 2.90
37 38 1.40
37 36 5.00
36 35 4.00
30 36 4.00
35 40 6.00
34 40 4.90
40 41 1.00
41 45 4.00
40 44 4.50